10 10 1 2
#\By daren
0 0 1 0 1
0 0 1 0 2
0 1 1 0 3
0 1 1 0 4
0 2 1 0 5
0 2 1 0 6
0 3 1 0 7
0 3 1 0 8
0 4 1 0 9
0 4 1 0 10
0 5 1 0 11
0 5 1 0 12
0 6 1 0 13
0 6 1 0 14
0 7 1 0 15
0 7 1 0 16
0 8 1 0 17
0 8 1 0 18
0 9 1 0 19
0 9 1 0 20
1 0 1 0 21
1 0 1 0 22
1 1 1 0 23
1 1 1 0 24
1 2 1 0 25
1 2 1 0 26
1 3 1 0 27
1 3 1 0 28
1 4 1 0 29
1 4 1 0 30
1 5 1 0 31
1 5 1 0 32
1 6 1 0 33
1 6 1 0 34
1 7 1 0 35
1 7 1 0 36
1 8 1 0 37
1 8 1 0 38
1 9 1 0 39
1 9 1 0 40
2 0 1 0 41
2 0 1 0 42
2 1 1 0 43
2 1 1 0 44
2 2 1 0 45
2 2 1 0 46
2 3 1 0 47
2 3 1 0 48
2 4 1 0 49
2 4 1 0 50
2 5 1 0 51
2 5 1 0 52
2 6 1 0 53
2 6 1 0 54
2 7 1 0 55
2 7 1 0 56
2 8 1 0 57
2 8 1 0 58
2 9 1 0 59
2 9 1 0 60
3 0 1 0 61
3 0 1 0 62
3 1 1 0 63
3 1 1 0 64
3 2 1 0 65
3 2 1 0 66
3 3 1 0 67
3 3 1 0 68
3 4 1 0 69
3 4 1 0 70
3 5 1 0 71
3 5 1 0 72
3 6 1 0 73
3 6 1 0 74
3 7 1 0 75
3 7 1 0 76
3 8 1 0 77
3 8 1 0 78
3 9 1 0 79
3 9 1 0 80
4 0 1 0 81
4 0 1 0 82
4 1 1 0 83
4 1 1 0 84
4 2 1 0 85
4 2 1 0 86
4 3 1 0 87
4 3 1 0 88
4 4 1 0 89
4 4 1 0 90
4 5 1 0 91
4 5 1 0 92
4 6 1 0 93
4 6 1 0 94
4 7 1 0 95
4 7 1 0 96
4 8 1 0 97
4 8 1 0 98
4 9 1 0 99
4 9 1 0 100
5 0 1 0 101
5 0 1 0 102
5 1 1 0 103
5 1 1 0 104
5 2 1 0 105
5 2 1 0 106
5 3 1 0 107
5 3 1 0 108
5 4 1 0 109
5 4 1 0 110
5 5 1 0 111
5 5 1 0 112
5 6 1 0 113
5 6 1 0 114
5 7 1 0 115
5 7 1 0 116
5 8 1 0 117
5 8 1 0 118
5 9 1 0 119
5 9 1 0 120
6 0 1 0 121
6 0 1 0 122
6 1 1 0 123
6 1 1 0 124
6 2 1 0 125
6 2 1 0 126
6 3 1 0 127
6 3 1 0 128
6 4 1 0 129
6 4 1 0 130
6 5 1 0 131
6 5 1 0 132
6 6 1 0 133
6 6 1 0 134
6 7 1 0 135
6 7 1 0 136
6 8 1 0 137
6 8 1 0 138
6 9 1 0 139
6 9 1 0 140
7 0 1 0 141
7 0 1 0 142
7 1 1 0 143
7 1 1 0 144
7 2 1 0 145
7 2 1 0 146
7 3 1 0 147
7 3 1 0 148
7 4 1 0 149
7 4 1 0 150
7 5 1 0 151
7 5 1 0 152
7 6 1 0 153
7 6 1 0 154
7 7 1 0 155
7 7 1 0 156
7 8 1 0 157
7 8 1 0 158
7 9 1 0 159
7 9 1 0 160
8 0 1 0 161
8 0 1 0 162
8 1 1 0 163
8 1 1 0 164
8 2 1 0 165
8 2 1 0 166
8 3 1 0 167
8 3 1 0 168
8 4 1 0 169
8 4 1 0 170
8 5 1 0 171
8 5 1 0 172
8 6 1 0 173
8 6 1 0 174
8 7 1 0 175
8 7 1 0 176
8 8 1 0 177
8 8 1 0 178
8 9 1 0 179
8 9 1 0 180
9 0 1 0 181
9 0 1 0 182
9 1 1 0 183
9 1 1 0 184
9 2 1 0 185
9 2 1 0 186
9 3 1 0 187
9 3 1 0 188
9 4 1 0 189
9 4 1 0 190
9 5 1 0 191
9 5 1 0 192
9 6 1 0 193
9 6 1 0 194
9 7 1 0 195
9 7 1 0 196
9 8 1 0 197
9 8 1 0 198
9 9 1 0 199
9 9 1 0 200
